1000561.3
1093787.3
1134459.3
1163396.3
1217639.3
1221257.3
1221263.3
1221272.3
1221277.3
1221284.3
1221288.3
1222032.3
1286329.3
1286330.3
1286333.3
1286338.3
1286343.3
1286343.4
1286347.3
1286350.3
1286350.4
1315157.3
1315178.3
1333540.3
1333541.3
1333542.4
1333543.4
1333544.3
1333545.3
1333546.3
1333547.3
1333596.3
1333597.3
1340851.3
1398958.3
1398966.3
1398974.3
1402488.3
1402489.3
1402490.3
1402491.3
1402492.3
1402493.3
1402494.3
1402495.3
1402496.3
1402514.3
1402518.3
1402519.3
1402523.3
1402533.3
1402535.3
1402579.3
1402580.3
1409922.3
1409922.5
1409923.3
1409924.3
1409925.3
1409926.3
1409926.6
1409927.3
1410037.3
1410038.4
1434212.3
1441460.3
1441461.3
1441462.3
1457194.3
208964.400
287.1000
287.10002
287.1001
287.1002
287.1003
287.1004
287.1005
287.1006
287.1007
287.1008
287.1009
287.1010
287.1011
287.1012
287.1013
287.1014
287.1015
287.1016
287.1017
287.1018
287.1019
287.1020
287.1021
287.1022
287.1023
287.1024
287.1025
287.1026
287.1027
287.1028
287.1029
287.1030
287.1031
287.1032
287.1033
287.1034
287.1035
287.1036
287.1037
287.1038
287.1039
287.1040
287.1041
287.1042
287.1043
287.10433
287.10434
287.10435
287.10436
287.10437
287.10438
287.10439
287.1044
287.1045
287.1046
287.1047
287.1048
287.1049
287.1050
287.1051
287.1052
287.1053
287.1054
287.1055
287.1056
287.1057
287.1058
287.1059
287.1060
287.1061
287.1062
287.1063
287.1064
287.1065
287.1066
287.1067
287.1068
287.1069
287.1070
287.1071
287.1072
287.1073
287.1074
287.1075
287.1076
287.1077
287.1078
287.1079
287.1080
287.1081
287.1082
287.1083
287.1084
287.1085
287.1086
287.1087
287.1088
287.1089
287.1090
287.1091
287.1092
287.1093
287.1094
287.1095
287.1096
287.1097
287.1098
287.1099
287.1100
287.1101
287.1102
287.1103
287.1104
287.1105
287.1106
287.1107
287.1108
287.1109
287.1110
287.1111
287.1112
287.1113
287.1114
287.1115
287.1116
287.1117
287.1118
287.1119
287.1120
287.1121
287.1122
287.1123
287.1124
287.1125
287.1126
287.1127
287.1128
287.1129
287.1130
287.1131
287.1132
287.1133
287.1134
287.1135
287.1136
287.1137
287.1138
287.1139
287.1140
287.1141
287.1142
287.1143
287.1144
287.1145
287.1146
287.1147
287.1148
287.1149
287.1150
287.1151
287.1152
287.1153
287.1154
287.1155
287.1156
287.1157
287.1158
287.1159
287.1160
287.1161
287.1162
287.1163
287.1165
287.1166
287.1167
287.1168
287.1169
287.1170
287.1171
287.1172
287.1173
287.1174
287.1175
287.1176
287.1177
287.1178
287.1179
287.1180
287.1181
287.1182
287.1183
287.1184
287.1185
287.1186
287.1187
287.1188
287.1189
287.1190
287.1191
287.1192
287.1193
287.1194
287.1195
287.1196
287.1197
287.1198
287.1199
287.1200
287.1201
287.1215
287.1216
287.1217
287.1218
287.1219
287.1220
287.1221
287.1222
287.1223
287.1224
287.1225
287.1226
287.1227
287.1228
287.1229
287.1230
287.1231
287.1232
287.1233
287.1234
287.1235
287.1236
287.1237
287.1238
287.1239
287.1240
287.1241
287.1242
287.1243
287.1244
287.1245
287.1246
287.1247
287.1248
287.1249
287.1250
287.1301
287.1868
287.1869
287.1870
287.1871
287.2273
287.2452
287.2488
287.2495
287.2508
287.2522
287.2523
287.2526
287.2527
287.2639
287.2659
287.2660
287.2661
287.2662
287.2668
287.3713
287.3714
287.3715
287.3716
287.3717
287.3718
287.3719
287.3720
287.3721
287.3722
287.3724
287.3725
287.3726
287.3727
287.3728
287.3729
287.3730
287.3734
287.3735
287.4036
287.4049
287.4057
287.4058
287.4059
287.4079
287.4081
287.4084
287.4088
287.4550
287.4551
287.4553
287.4562
287.5707
287.5711
287.5728
287.5729
287.5730
287.5731
287.5732
287.5733
287.5735
287.5736
287.5738
287.5739
287.5978
287.5979
287.5980
287.6801
287.6815
287.6832
287.6834
287.6836
287.6849
287.6850
287.6852
287.6853
287.6855
287.6856
287.6858
287.6859
287.6860
287.6862
287.6869
287.6870
287.6887
287.6895
287.6898
287.6901
287.6907
287.6908
287.6909
287.6910
287.6915
287.6922
287.6940
287.6962
287.6963
287.6965
287.6966
287.6972
287.6976
287.6977
287.6984
287.6987
287.7001
287.7015
287.7016
287.7029
287.7054
287.7056
287.7058
287.7060
287.7061
287.7062
287.7064
287.7068
287.7071
287.7072
287.7076
287.7079
287.7081
287.7090
287.7275
287.7276
287.7277
287.7280
287.7281
287.7283
287.7284
287.7288
287.7295
287.7296
287.7297
287.7298
287.7300
287.7310
287.7313
287.7319
287.7322
287.7326
287.7329
287.7332
287.7333
287.7334
287.7335
287.7337
287.7338
287.7339
287.7340
287.7341
287.7343
287.7344
287.7345
287.7346
287.7348
287.7349
287.7350
287.7351
287.7352
287.7353
287.7354
287.7355
287.7356
287.7357
287.7359
287.7360
287.7361
287.7363
287.7370
287.7371
287.7372
287.7373
287.7374
287.7375
287.7376
287.7377
287.7379
287.7381
287.7382
287.7383
287.7384
287.7385
287.7386
287.7387
287.7388
287.7389
287.7390
287.7391
287.7392
287.7393
287.7394
287.7395
287.7396
287.7397
287.7398
287.7399
287.7400
287.7401
287.7403
287.7405
287.7408
287.7409
287.7412
287.7436
287.7438
287.7441
287.7442
287.7444
287.7446
287.7448
287.7449
287.7450
287.7451
287.7452
287.7454
287.7456
287.7472
287.7476
287.7479
287.7480
287.7481
287.7490
287.7496
287.7499
287.7501
287.7506
287.7509
287.7510
287.7513
287.7520
287.7521
287.7525
287.7526
287.7528
287.7529
287.7531
287.7533
287.7535
287.7537
287.7538
287.7540
287.7544
287.7546
287.7547
287.7555
287.7559
287.7573
287.7578
287.7579
287.7580
287.7581
287.7582
287.7587
287.7588
287.7589
287.7591
287.7595
287.7596
287.7602
287.7611
287.7619
287.7625
287.7638
287.7639
287.7640
287.7641
287.7642
287.7643
287.7644
287.7645
287.7646
287.7647
287.7648
287.7649
287.7650
287.7651
287.7652
287.7653
287.7654
287.7655
287.7656
287.7657
287.7658
287.7659
287.7660
287.7661
287.7662
287.7663
287.7664
287.7774
287.7777
287.7779
287.7781
287.7785
287.7799
287.7810
287.7813
287.7818
287.7826
287.7830
287.7840
287.7852
287.7854
287.7860
287.7861
287.7953
287.7995
287.8033
287.8034
287.846
287.847
287.848
287.849
287.850
287.8502
287.851
287.852
287.853
287.854
287.855
287.856
287.857
287.858
287.859
287.860
287.861
287.862
287.863
287.864
287.865
287.866
287.867
287.868
287.869
287.870
287.871
287.872
287.873
287.874
287.875
287.876
287.877
287.878
287.879
287.880
287.881
287.882
287.883
287.884
287.885
287.886
287.887
287.888
287.889
287.8898
287.890
287.891
287.892
287.8921
287.893
287.894
287.895
287.896
287.897
287.898
287.899
287.900
287.901
287.902
287.903
287.904
287.905
287.906
287.907
287.9073
287.9074
287.908
287.909
287.910
287.911
287.912
287.913
287.914
287.915
287.916
287.917
287.918
287.919
287.920
287.921
287.922
287.923
287.924
287.925
287.926
287.927
287.928
287.9283
287.929
287.930
287.931
287.932
287.933
287.934
287.9350
287.9358
287.9381
287.9383
287.9408
287.951
287.952
287.953
287.954
287.955
287.956
287.957
287.958
287.959
287.960
287.961
287.962
287.963
287.964
287.965
287.966
287.967
287.968
287.969
287.970
287.971
287.972
287.973
287.974
287.975
287.976
287.977
287.978
287.979
287.980
287.981
287.982
287.9824
287.9825
287.9826
287.9827
287.983
287.984
287.985
287.9851
287.9852
287.9853
287.9854
287.986
287.987
287.988
287.989
287.990
287.9909
287.991
287.992
287.993
287.994
287.995
287.996
287.997
287.998
287.999
350703.9
470.1333
470.1337
470.1346
470.1361
470.1370
470.1375
470.1405
470.1561
470.1562
470.1746
470.1749
470.1750
470.1751
470.1766
470.1769
470.1771
470.1808
470.1809
470.1865
470.2003
470.2004
470.2005
470.2007
470.2008
470.2009
470.2012
470.2016
470.2123
470.2253
470.2254
470.2260
470.2296
470.2310
470.2312
470.2316
470.2318
470.2322
470.2326
470.2327
470.2328
470.2329
470.2330
470.2331
470.2332
470.2333
470.2334
470.2335
470.2336
470.2337
470.2348
470.2349
470.2350
470.2351
470.2352
470.2353
470.2354
470.2355
470.2356
470.2357
470.2358
470.2366
470.2367
470.2368
470.2376
470.2387
470.2388
470.2389
470.2390
470.2391
470.2393
470.2395
470.2396
470.2397
470.2398
470.2399
470.2400
470.2401
470.2402
470.2403
470.2405
470.2406
470.2407
470.2408
470.2409
470.2410
470.2411
470.2412
470.2413
470.2414
470.2415
470.2416
470.2435
470.2541
470.2583
470.2584
470.2673
470.2675
470.3103
470.3104
470.3105
470.3110
470.3119
470.3120
470.3123
470.3125
470.3131
470.3146
470.3147
470.3149
470.3154
470.3156
470.3157
470.3165
470.3345
470.3678
470.3686
470.3692
470.3698
470.3705
470.3706
470.3711
470.3712
470.3714
470.3717
470.3725
470.3733
470.3757
470.3759
470.3763
470.3768
470.3792
470.3797
470.3798
470.3799
470.3992
470.4062
470.4286
470.4471
470.4473
470.4685
470.4686
470.4699
470.4809
470.4823
470.4824
470.4825
470.4826
470.4827
470.4828
470.4829
470.4830
470.4831
470.4832
470.4833
470.4835
470.4920
470.4921
470.4924
470.4925
470.5038
470.5040
470.533
470.5419
470.5431
470.5432
470.5434
470.5436
470.5448
470.5784
470.5790
470.5792
470.6166
470.6251
470.6255
470.6263
470.6269
470.6274
470.6278
470.6281
470.6292
470.6303
470.6363
470.6366
470.7340
470.7347
470.7349
470.7414
470.7418
470.7422
470.7423
470.7425
470.7427
470.7429
470.7433
470.7434
470.7435
470.7436
470.7437
470.7440
470.7442
470.7443
470.7445
470.7446
470.7448
470.7449
470.7452
470.7453
470.7454
470.7455
470.7456
470.7457
470.7462
470.7463
470.7465
470.7470
470.7471
470.7472
470.7473
470.7475
470.7478
470.7479
470.7481
470.7484
470.7486
470.7492
470.7494
470.7497
470.7498
470.7502
470.7503
470.7504
470.7505
470.7506
470.7507
470.7508
470.7509
470.7510
470.7511
470.7512
470.7513
470.7515
470.7516
470.7520
470.7523
470.7524
470.7525
470.7527
470.7531
470.7532
470.7534
470.7535
470.7540
470.7541
470.7542
470.7543
470.7544
470.7545
470.7546
470.7548
470.7550
470.7552
470.7553
470.7557
470.7559
470.7564
470.7565
470.7567
470.7568
470.7569
470.7570
470.7571
470.7573
470.7576
470.7583
470.7584
470.7587
470.7589
470.7590
470.7591
470.7592
470.7597
470.7601
470.7604
470.7607
470.7611
470.7612
470.7613
470.7614
470.7616
470.7619
470.7620
470.7621
470.7622
470.7624
470.7627
470.7628
470.7629
470.7631
470.7633
470.7635
470.7636
470.7639
470.7640
470.7641
470.7642
470.7646
470.7649
470.7650
470.7651
470.7654
470.7655
470.7656
470.7657
470.7658
470.7664
470.7666
470.7667
470.7668
470.7672
470.7673
470.7675
470.7676
470.7677
470.7679
470.7681
470.7682
470.7684
470.7686
470.7687
470.7694
470.7696
470.7698
470.7699
470.7700
470.7702
470.7703
470.7704
470.7706
470.7707
470.7710
470.7711
470.7712
470.7713
470.7714
470.7715
470.7719
470.7721
470.7725
470.7727
470.7736
470.7737
470.7738
470.7739
470.7740
470.7741
470.7743
470.7746
470.7750
470.7754
470.7756
470.7758
470.7760
470.7765
470.7769
470.7772
470.7776
470.7780
470.7791
470.7792
470.7800
470.7803
470.7812
470.7815
470.7822
470.7827
470.7830
470.7835
470.7844
470.7846
470.7851
470.7853
470.7859
470.7863
470.7864
470.7872
470.7873
470.7874
470.7877
470.7878
470.7879
470.7880
470.7881
470.7885
470.7887
470.7888
470.7889
470.7891
470.7892
470.7893
470.7894
470.7897
470.7900
470.7908
470.7909
470.7911
470.7913
470.7915
470.7916
470.7919
470.7921
470.7922
470.7924
470.7925
470.7926
470.7927
470.7929
470.7930
470.7931
470.7934
470.7935
470.7936
470.7939
470.7940
470.7942
470.7943
470.7945
470.7947
470.7951
470.7952
470.7955
470.7957
470.7958
470.7959
470.7963
470.7966
470.7967
470.7968
470.7969
470.7974
470.7976
470.7978
470.7981
470.7985
470.7986
470.7992
470.7993
470.7994
470.8000
470.8003
470.8004
470.8005
470.8011
470.8012
470.8014
470.8016
470.8018
470.8019
470.8020
470.8023
470.8024
470.8026
470.8027
470.8028
470.8030
470.8034
470.8035
470.8037
470.8038
470.8043
470.8044
470.8045
470.8049
470.8056
470.8057
470.8060
470.8064
470.8068
470.8069
470.8070
470.8071
470.8072
470.8074
470.8079
470.8080
470.8081
470.8082
470.8084
470.8085
470.8086
470.8087
470.8088
470.8089
470.8090
470.8092
470.8094
470.8097
470.8098
470.8099
470.8100
470.8102
470.8105
470.8108
470.8112
470.8113
470.8114
470.8116
470.8117
470.8118
470.8120
470.8121
470.8122
470.8123
470.8124
470.8125
470.8126
470.8127
470.8353
470.8367
470.8385
470.8386
470.8387
470.8388
470.8418
470.8442
470.8447
470.8459
470.8461
470.8465
470.8468
470.8488
470.8552
470.8557
470.8558
470.8562
470.8564
470.8565
470.8568
470.8569
470.8575
470.8577
470.8585
470.8587
470.8589
470.9025
470.9026
470.9027
470.9028
470.9029
470.9030
470.9033
470.9034
470.9036
470.9037
470.9038
470.9041
470.9045
470.9048
470.9052
470.9053
470.9054
470.9057
470.9059
470.9062
470.9064
470.9066
470.9069
470.9070
470.9071
470.9073
470.9076
470.9080
470.9085
470.9090
470.9093
470.9098
470.9099
470.9100
470.9102
470.9104
470.9108
470.9109
470.9110
470.9111
470.9112
470.9113
470.9115
470.9127
470.9128
470.9129
470.9130
470.9131
470.9132
470.9133
470.9134
470.9135
470.9136
470.9137
470.9138
470.9139
470.9141
470.9142
470.9164
470.9168
470.9169
470.9170
470.9171
470.9172
470.9173
470.9174
470.9175
470.9176
470.9177
470.9178
470.9179
470.9180
470.9181
470.9182
470.9183
470.9184
470.9185
470.9186
470.9187
470.9188
470.9189
470.9190
470.9191
470.9192
470.9193
470.9194
470.9195
470.9196
470.9197
470.9198
470.9199
470.9200
470.9201
470.9202
470.9203
470.9204
470.9205
470.9206
470.9207
470.9208
470.9209
470.9210
470.9211
470.9212
470.9213
470.9214
470.9215
470.9216
470.9217
470.9218
470.9219
470.9220
470.9221
470.9222
470.9223
470.9224
470.9225
470.9226
470.9228
470.9229
470.9245
470.9248
470.9375
470.9417
470.9418
470.9421
470.9422
470.9424
470.9502
470.9503
470.9649
470.9820
470.9824
470.9825
470.9826
470.9827
470.9828
470.9829
470.9830
470.9831
470.9832
562.10021
562.10022
562.10023
562.10024
562.10025
562.10026
562.10027
562.10028
562.10029
562.10030
562.10031
562.10032
562.10033
562.10034
562.10035
562.10036
562.10037
562.10038
562.10039
562.10040
562.10041
562.10042
562.10043
562.10044
562.10045
562.10046
562.10047
562.10048
562.10049
562.10050
562.10051
562.10052
562.10053
562.10054
562.10055
562.10056
562.10057
562.10058
562.10059
562.10060
562.10061
562.10062
562.10063
562.10064
562.10066
562.10067
562.10068
562.10069
562.10070
562.10071
562.10072
562.10073
562.10074
562.10075
562.10076
562.10077
562.10078
562.10079
562.10080
562.10081
562.10082
562.10083
562.10473
562.10851
562.10852
562.10853
562.10854
562.10855
562.10856
562.10857
562.10858
562.10885
562.11492
562.17710
562.17711
562.21459
562.28185
562.28186
562.28194
562.28196
562.30348
562.38630
562.38632
562.38672
562.45278
562.45279
562.45280
562.45281
562.45282
562.45283
562.45284
562.5064
562.5065
562.5066
562.5067
562.5068
562.5069
562.5070
562.5071
562.5072
562.5073
562.5074
562.5075
562.5076
562.5077
562.5078
562.5079
562.5080
562.5081
562.5082
562.5083
562.5084
562.5085
562.5086
562.5087
562.5088
562.5089
562.5090
562.5091
562.5092
562.5093
562.5094
562.5095
562.5096
562.5097
562.5098
562.5099
562.5100
562.5101
562.5102
562.5103
562.5104
562.5105
562.5106
562.5107
562.5108
562.5109
562.5110
562.5111
562.5112
562.5113
562.5114
562.5115
562.5116
562.5117
562.5118
562.5119
562.5120
562.5121
562.5122
562.5123
562.5124
562.5125
562.5126
562.5127
562.5128
562.5129
562.5130
562.5131
562.5132
562.5133
562.5134
562.5135
562.5136
562.5137
562.5138
562.5139
562.5140
562.5141
562.5142
562.5143
562.5144
562.5145
562.5146
562.5147
562.5148
562.5149
562.5150
562.5152
562.5153
562.5154
562.5155
562.5156
562.5157
562.5158
562.5159
562.5160
562.5161
562.5162
562.5163
562.5164
562.5165
562.5166
562.5167
562.5168
562.5169
562.5170
562.5171
562.5172
562.5174
562.5175
562.5177
562.5178
562.5179
562.5180
562.5181
562.5182
562.5183
562.5184
562.5185
562.5186
562.5187
562.5188
562.5189
562.5190
562.5191
562.5192
562.5193
562.5195
562.5196
562.5197
562.5198
562.5199
562.5201
562.5202
562.5203
562.5204
562.5205
562.5206
562.5207
562.5208
562.5209
562.5210
562.5211
562.5212
562.5213
562.5214
562.5215
562.5216
562.5217
562.5218
562.5219
562.5220
562.5221
562.5222
562.5223
562.5224
562.5225
562.5226
562.5227
562.5228
562.5229
562.5230
562.5231
562.5232
562.5233
562.5235
562.5236
562.5237
562.5238
562.5239
562.5240
562.5241
562.5243
562.5244
562.5245
562.5246
562.5247
562.5248
562.5249
562.5250
562.5251
562.5252
562.5253
562.5254
562.5255
562.5256
562.5257
562.5258
562.5259
562.5260
562.5261
562.5262
562.5263
562.5264
562.5265
562.5266
562.5267
562.5268
562.5269
562.5270
562.5271
562.5272
562.5273
562.5274
562.5275
562.5276
562.5277
562.5278
562.5279
562.5280
562.5281
562.5282
562.5283
562.5284
562.5285
562.5286
562.5287
562.5288
562.5289
562.5290
562.5291
562.5292
562.5293
562.5294
562.5295
562.5296
562.5297
562.5298
562.5299
562.5300
562.5301
562.5302
562.5303
562.5304
562.5305
562.5306
562.5307
562.5308
562.5309
562.5310
562.5311
562.5312
562.5313
562.5314
562.5315
562.5316
562.5317
562.5318
562.5319
562.5320
562.5321
562.5322
562.5323
562.5324
562.5325
562.5326
562.5327
562.5328
562.5329
562.5330
562.5331
562.5332
562.5333
562.5334
562.5335
562.5336
562.5337
562.5338
562.5339
562.5340
562.5341
562.5342
562.5343
562.5344
562.5345
562.5346
562.5347
562.5348
562.5349
562.5350
562.5351
562.5352
562.5353
562.5354
562.5355
562.5356
562.5357
562.5358
562.5359
562.5360
562.5361
562.5362
562.5363
562.5364
562.5365
562.5366
562.5367
562.5368
562.5369
562.5370
562.5371
562.5372
562.5373
562.5374
562.5375
562.5376
562.5377
562.5378
562.5379
562.5380
562.5381
562.5382
562.5383
562.5384
562.5385
562.5386
562.5387
562.5388
562.5389
562.5390
562.5391
562.5392
562.5393
562.5394
562.5395
562.5396
562.53961
562.53964
562.5397
562.5398
562.5399
562.5400
562.5401
562.5402
562.5403
562.5404
562.5405
562.7065
562.7066
562.7067
562.7068
562.7069
562.7585
562.7586
562.7587
562.7588
562.8524
562.8525
562.8549
562.8555
562.8557
562.8570
562.8572
562.8582
562.8583
562.8584
562.8587
562.8598
562.8603
562.8604
562.8605
562.8606
562.8607
562.8610
562.8611
562.8612
562.8613
562.8614
562.8615
562.8616
562.8617
562.8620
562.8621
562.8622
562.8623
562.8624
562.8625
562.8629
562.8630
562.8631
562.8632
562.8640
562.8641
562.8643
562.8644
562.8645
562.8646
562.8647
562.8648
562.8649
562.8650
562.8651
562.8652
562.8653
562.8654
562.8655
562.8656
562.8657
562.8658
562.8659
562.8661
903890.3
903897.3
903904.3
903908.3
903909.3
903911.3
903912.3
903927.3
903936.3
903937.3
933265.3
